25.6651180377	-100.244429642	0.0
25.6651180377	-100.244402321	0.0
25.6651453585	-100.244361667	0.0
25.6651726792	-100.244346667	0.0
25.6651726792	-100.24434	0.0
25.6651453585	-100.244343333	0.0
25.6651726792	-100.244363333	0.0
25.6651726792	-100.244363333	0.0
25.6651726792	-100.244363333	0.0
25.6651458529	-100.244402376	1.11210143566
25.6651458714	-100.244402593	1.0930492878
25.6651458714	-100.244402593	1.0930492878
25.6651449881	-100.2444051	1.09946393967
25.6651449881	-100.2444051	1.09946393967
25.6651478119	-100.244408513	1.03599202633
25.6651478119	-100.244408513	1.03599202633
25.6651481098	-100.244408796	1.03742313385
25.6651477775	-100.244408046	0.964675426483
25.6651455021	-100.244406565	1.02204310894
25.6651425181	-100.244405879	1.08195447922
25.6651429321	-100.24441513	1.08521914482
25.6651463057	-100.244433777	1.05276489258
25.665151889	-100.244456744	1.01655173302
25.665159763	-100.244483134	1.04212701321
25.6651700112	-100.244512819	1.02413034439
25.6651801102	-100.244544108	1.03825545311
25.6651873935	-100.244571166	1.05144143105
25.6651888333	-100.244583225	1.10808181763
25.6651904185	-100.244588197	0.998454332352
25.6651854548	-100.244590732	0.99158090353
25.6651853578	-100.244591373	1.03977894783
25.6651869871	-100.244591136	1.05753910542
25.6651897517	-100.244591156	1.0709143877
25.6651923227	-100.244592255	1.05014848709
25.665194029	-100.2445938	1.03886067867
25.6651967257	-100.244597364	0.992876827717
25.6652046487	-100.244600526	1.09314715862
25.665217782	-100.244601859	1.06404078007
25.6652344818	-100.244602039	0.997446238995
25.6652555617	-100.244597954	1.05840682983
25.6652780615	-100.244592741	1.05527114868
25.6653004709	-100.244585732	1.03638195992
25.6653231835	-100.244578225	1.02163124084
25.6653466178	-100.244569537	1.06707656384
25.6653692308	-100.24456091	1.05612695217
25.6653897087	-100.244553166	1.02859604359
25.6653975289	-100.244551324	1.02547681332
25.6654017026	-100.244553389	0.969561159611
25.6654024717	-100.244553909	0.967613279819
25.6654010793	-100.244550288	0.974596202374
25.6653969581	-100.244540638	0.994708418846
25.6653926098	-100.2445279	1.09492778778
25.665389147	-100.2445138	1.12267112732
25.6653846641	-100.244494918	1.15988075733
25.6653788227	-100.244471936	1.08322632313
25.6653705131	-100.244443567	1.03289103508
25.665361271	-100.244414251	1.02610945702
25.6653555806	-100.244387396	1.02868425846
25.6653527488	-100.244358197	0.990330457687
25.6653580103	-100.244318449	1.10127258301
25.6653662145	-100.244267164	0.99353569746
