25.6652	-100.244402321	0.0
25.6651726792	-100.244375	0.0
25.6651726792	-100.244375	0.0
25.6651726792	-100.244402321	0.0
25.6651726792	-100.244402321	0.0
25.6651726792	-100.244402321	0.0
25.6651726792	-100.244402321	0.0
25.6651726792	-100.244402321	0.0
25.6651726792	-100.244402321	0.0
25.6651727384	-100.244429537	1.01340770721
25.665173754	-100.244429672	1.09438419342
25.6651753876	-100.244428902	1.11279308796
25.6651768199	-100.244426268	1.15364229679
25.6651781035	-100.244424193	1.16517913342
25.6651795262	-100.244422213	1.13688659668
25.6651804385	-100.244420103	1.12928628922
25.6651801156	-100.244418726	1.1778677702
25.6651792757	-100.244417818	1.14534783363
25.66517699	-100.24441862	1.15078425407
25.6651743586	-100.244420589	1.10467290878
25.6651769401	-100.244422815	1.1356856823
25.6651860219	-100.244428453	1.14143240452
25.6651990697	-100.24443889	1.10447323322
25.6652137811	-100.244452537	1.10999286175
25.665229964	-100.244467382	1.14656019211
25.665247147	-100.244481194	1.10557949543
25.6652647905	-100.244496521	1.0896999836
25.6652832314	-100.244512834	1.09766566753
25.6653031115	-100.244531708	1.10043728352
25.6653031115	-100.244531708	1.10043728352
25.6653204975	-100.244552941	1.064494133
25.6653195969	-100.244560418	1.0578135252
25.665320309	-100.244565013	1.15041077137
25.6653215954	-100.244565561	1.19171917439
25.6653174164	-100.244558309	1.1654882431
25.6653174158	-100.244552935	1.13498520851
25.6653201293	-100.244554115	1.11640739441
25.665322734	-100.244556626	1.14370107651
25.6653249267	-100.244561085	1.1269108057
25.6653271087	-100.244561937	1.12715876102
25.6653324199	-100.244560024	1.13760352135
25.6653416459	-100.244556834	1.12476599216
25.665352597	-100.244551919	1.09902775288
25.6653648073	-100.244546806	1.12755787373
25.6653648073	-100.244546806	1.12755787373
25.665377257	-100.2445459	1.13493704796
25.665378003	-100.244548302	1.02708292007
25.665377151	-100.244549143	0.989083766937
25.6653751558	-100.244544437	1.08167302608
25.6653674239	-100.244530872	1.10913848877
25.6653558334	-100.244510171	1.17047810555
25.6653468577	-100.244494507	1.23366546631
25.6653407235	-100.244476155	1.1434122324
25.6653283587	-100.244459213	1.11387419701
