25.6651453585	-100.244375	0.0
25.6651453585	-100.244366667	0.0
25.6651453585	-100.244343333	0.0
25.6651453585	-100.244348333	0.0
25.6651453585	-100.244335	0.0
25.6651453585	-100.244343333	0.0
25.6651726792	-100.244338333	0.0
25.6651726792	-100.244338333	0.0
25.6651726792	-100.244338333	0.0
25.6651453148	-100.244321723	1.00255799294
25.6651446206	-100.244322456	1.09261369705
25.6651446212	-100.244323319	1.15697646141
25.6651447678	-100.244324625	1.25049102306
25.6651466945	-100.244324934	1.17993760109
25.6651499403	-100.244325289	1.14046442509
25.6651519592	-100.24432722	1.13728606701
25.6651510707	-100.24432815	1.13190281391
25.6651490421	-100.244328951	1.10542750359
25.6651468663	-100.244330318	1.11541700363
25.6651468663	-100.244330318	1.11541700363
25.665148153	-100.244334829	1.15531146526
25.6651514543	-100.244344471	1.16432893276
25.6651605604	-100.244359521	1.12701165676
25.6651646988	-100.244381173	1.05927717686
25.6651710457	-100.244406806	1.13200867176
25.6651798604	-100.244436454	1.13190293312
25.6651902362	-100.244467938	1.16241669655
25.6652004046	-100.244499372	1.08454787731
25.6652109878	-100.244531159	1.23362505436
25.6652169297	-100.24454959	1.27931427956
25.6652172921	-100.244556943	1.08076143265
25.6652204187	-100.24456665	0.834530234337
25.665216089	-100.244568744	0.863559901714
25.6652169321	-100.244561332	1.36470329762
25.66521883	-100.24456164	1.24977767467
25.6652182565	-100.24456263	1.19052278996
25.6652170103	-100.244565477	1.11536514759
25.6652204924	-100.244569066	1.12855732441
25.6652210169	-100.244569454	1.1252310276
25.6652213887	-100.24457104	1.13324165344
25.6652206223	-100.244571399	1.11951839924
25.6652208389	-100.244568104	1.18051922321
25.6652212073	-100.244565775	1.11504399776
25.6652229304	-100.244562026	1.1136277914
25.6652258943	-100.244561655	1.1663608551
25.6652258943	-100.244561655	1.1663608551
25.6652257815	-100.244561292	1.10729730129
25.6652252619	-100.244560441	1.07054543495
25.6652317274	-100.244554608	1.16730904579
25.6652317274	-100.244554608	1.16730904579
25.6652452091	-100.244548573	1.20237600803
25.6652849405	-100.244520729	1.04444694519
25.6652849405	-100.244520729	1.04444694519
25.6653103742	-100.24450525	1.17631316185
25.6653339098	-100.244491302	1.15062141418
25.6653586101	-100.244478058	1.17923748493
25.6653837538	-100.244464003	1.15818572044
25.6654068619	-100.244446608	1.14960289001
25.6654209986	-100.244433586	1.04930257797
25.6654335346	-100.24442215	1.08045995235
25.6654374599	-100.244425762	1.07292115688
25.6654345079	-100.244428627	1.11825406551
25.6654272409	-100.244429162	1.13700187206
25.6654127899	-100.244422921	1.17521822453
25.6653914888	-100.244407125	1.05587887764
25.6653619796	-100.244382357	1.23264360428
